          0           0           0           0           0           0           0           0           0           0           0           0           0           0           0           0           0           0           0           0           0           0           0           0           0           0           0           0           0           0           0           0           0           0           0           0           0           0           0           0           0           0           0           0           0           0           0           0           0           0           0           0           0           0           0           0           0           0           0           0           0           0           0           0           0           0           0           0           0           0           0           0           0           0           0           0           0           0           0           0           0           0           0           0           0           0           0           0           0           0           0           0           0           0           0           0           0           0           0           0           0           0           0           0           0           0           0           0           0           0           0           0           0           0           0           0           0           0           0           0           0           0           0           0           0           0           0           0           0           0           0           0           0           1           1           1           1           1           1           1           0           0           0           0           0           0           0           0           0           0           0           0           0           1           1           1           1           1           1           1           1           0           0           0           0           0           0           0           0           0           0           0           0           0           1           1           1           1           1           1           1           1           1           0           0           0           0           0           0           0           0           0           0           0           0           1           1           1           1           1           1           1           1           1           0           0           0           0           0           0           0           0           0           0           0           0           1           1           1           1           1           1           1           1           1           0           0           0           0           0           0           0           0           0           0           0           0           1           1           1           1           1           1           1           1           1           0           0           0           0           0           0           0           0           0           0           0           0           1           1           1           1           1           1           1           1           1           0           0           0           0           0           0           0           0           0           0           0           0           1           1           1           1           1           1           1           1           0           0           0           0           0           0           0           0           0           0           0           0           0           0           0           1           1           1           1           1           0           0           0           0           0           0           0           0           0           0           0           0           0           0           0           0           0           0           0           0           0           0           0           0           0           0           0           0           0           0           0           0           0           0           0           0           0           0           0           0           0           0           0           0           0           0           0           0           0           0           0           0           0           0           0           0           0           0           0           0           0           0           0           0           0           0           0           0           0           0           0           0           0           0           0           0           0           0           0           0           0           0           0           0           0           0           0           0           0           0           0           0           0           0           0           0           0           0           0           0           0           0           0           0           0           0           0           0           0           0           0           0           0           0           0           0           0           0           0           0           0           0           0           0           0           0           0           0           0           0           0           0           0           0
 0.00119911  0.00142813  0.00200095  0.00300766  0.00451674  0.00652303  0.00887107   0.0112277   0.0131962    0.014488   0.0149574    0.014556   0.0133085    0.011354  0.00900432  0.00667138  0.00467314  0.00315586  0.00213358  0.00156608   0.0014351  0.00142813  0.00167007  0.00237788   0.0036542  0.00560947  0.00826719   0.0114305   0.0146115   0.0172249   0.0188951   0.0194658   0.0188905    0.017186   0.0145117   0.0113098  0.00819822  0.00560946  0.00370079  0.00244636  0.00175582   0.0015537  0.00200095  0.00237788  0.00352994  0.00569697  0.00918606   0.0141829   0.0203858   0.0266789   0.0316845   0.0347436   0.0357169   0.0345774    0.031266   0.0259338   0.0195249   0.0135423  0.00883622  0.00555588   0.0035006  0.00240371  0.00207978  0.00300766   0.0036542  0.00569697   0.0097191   0.0165851   0.0270795   0.0408643   0.0549835   0.0656205   0.0717293   0.0735228   0.0711006   0.0640469    0.052086   0.0375055   0.0246518   0.0152304  0.00908169  0.00543417   0.0035612  0.00301494  0.00451674  0.00560947  0.00918606   0.0165851   0.0300986    0.052533    0.084508    0.117667    0.140399    0.152359     0.15557    0.150625    0.135782    0.108044   0.0731518   0.0450354   0.0262062   0.0148055  0.00842713  0.00528285  0.00437744  0.00652303  0.00826719   0.0141829   0.0270795    0.052533   0.0996622    0.176058     0.25691    0.303525    0.325201    0.330508    0.321447    0.292409    0.226982    0.139537   0.0792225    0.043226   0.0231529   0.0125738  0.00756583  0.00614201  0.00887107   0.0114305   0.0203858   0.0408643    0.084508    0.176058    0.319524    0.483498    0.567864    0.601436    0.609084     0.59578    0.551279    0.439911    0.249792    0.129611   0.0665517   0.0339821   0.0177068   0.0102766  0.00818876   0.0112277   0.0146115   0.0266789   0.0549835    0.117667     0.25691    0.483498     0.64844    0.740095     0.77769    0.786325    0.771331    0.722154    0.603977    0.373338    0.189373   0.0937762   0.0461827   0.0232698   0.0131066   0.0102781   0.0131962   0.0172249   0.0316845   0.0656205    0.140399    0.303525    0.567864    0.740095    0.824921    0.861839     0.87072    0.856436     0.81109    0.711093    0.512497    0.259265    0.121922   0.0579087   0.0283561    0.015595   0.0120728    0.014488   0.0188951   0.0347436   0.0717293    0.152359    0.325201    0.601436     0.77769    0.861839    0.898649    0.907818    0.894467    0.852196     0.76074    0.577327    0.304868    0.140845   0.0658084   0.0317358   0.0172112   0.0132118   0.0149574   0.0194658   0.0357169   0.0735228     0.15557    0.330508    0.609084    0.786325     0.87072    0.907818    0.917174    0.903917    0.862085    0.772368    0.592101    0.316271     0.14625   0.0680772   0.0326489   0.0176032   0.0134522    0.014556   0.0188905   0.0345774   0.0711006    0.150625    0.321447     0.59578    0.771331    0.856436    0.894467    0.903917    0.889395    0.844463    0.750513    0.571366    0.303581    0.139459   0.0646706   0.0309613   0.0166876    0.012736   0.0133085    0.017186    0.031266   0.0640469    0.135782    0.292409    0.551279    0.722154     0.81109    0.852196    0.862085    0.844463    0.790036    0.677557    0.497932    0.263233    0.120147   0.0558306   0.0268948    0.014611   0.0111847    0.011354   0.0145117   0.0259338    0.052086    0.108044    0.226982    0.439911    0.603977    0.711093     0.76074    0.772368    0.750513    0.677557    0.539817    0.345541    0.187491   0.0893667   0.0428688   0.0211934   0.0117711  0.00909482  0.00900432   0.0113098   0.0195249   0.0375055   0.0731518    0.139537    0.249792    0.373338    0.512497    0.577327    0.592101    0.571366    0.497932    0.345541    0.211143    0.114059    0.058547   0.0296106   0.0152622  0.00877138  0.00687716  0.00667138  0.00819822   0.0135423   0.0246518   0.0450354   0.0792225    0.129611    0.189373    0.259265    0.304868    0.316271    0.303581    0.263233    0.187491    0.114059   0.0652145   0.0355841   0.0189693   0.0102392  0.00612252  0.00488473  0.00467314  0.00560946  0.00883622   0.0152304   0.0262062    0.043226   0.0665517   0.0937762    0.121922    0.140845     0.14625    0.139459    0.120147   0.0893667    0.058547   0.0355841    0.020537   0.0115196  0.00651866  0.00406394  0.00330325  0.00315586  0.00370079  0.00555588  0.00908169   0.0148055   0.0231529   0.0339821   0.0461827   0.0579087   0.0658084   0.0680772   0.0646706   0.0558306   0.0428688   0.0296106   0.0189693   0.0115196  0.00678428  0.00402462  0.00261775  0.00216897  0.00213358  0.00244636   0.0035006  0.00543417  0.00842713   0.0125738   0.0177068   0.0232698   0.0283561   0.0317358   0.0326489   0.0309613   0.0268948   0.0211934   0.0152622   0.0102392  0.00651866  0.00402462  0.00250229  0.00169736  0.00143357  0.00156608  0.00175582  0.00240371   0.0035612  0.00528285  0.00756583   0.0102766   0.0131066    0.015595   0.0172112   0.0176032   0.0166876    0.014611   0.0117711  0.00877138  0.00612252  0.00406394  0.00261775  0.00169736  0.00119321   0.0010215   0.0014351   0.0015537  0.00207978  0.00301494  0.00437744  0.00614201  0.00818876   0.0102781   0.0120728   0.0132118   0.0134522    0.012736   0.0111847  0.00909482  0.00687716  0.00488473  0.00330325  0.00216897  0.00143357   0.0010215 0.000857744
 0.00556114  0.00635838  0.00829209   0.0115156   0.0160453   0.0216713   0.0278675   0.0338371   0.0387293   0.0418749   0.0428777   0.0416068   0.0381991   0.0331049   0.0270785   0.0209933   0.0155733   0.0112523  0.00820075  0.00644665  0.00603448  0.00635838   0.0071495  0.00940589    0.013242    0.018696    0.025539   0.0331211   0.0404184     0.04635   0.0501079   0.0512428    0.049611   0.0453672   0.0390544   0.0316334   0.0242275   0.0177305   0.0126314  0.00907682  0.00703014  0.00641134  0.00829209  0.00940589   0.0127071   0.0184726    0.026904   0.0377625   0.0499959   0.0617777   0.0712179    0.077065   0.0787215   0.0759966   0.0690564   0.0587068   0.0466189   0.0348115   0.0247554   0.0171031   0.0119081  0.00896124  0.00805174   0.0115156    0.013242   0.0184726    0.027861   0.0420433   0.0608885   0.0825468    0.103385    0.119743    0.129604    0.132239    0.127397    0.115132   0.0966094   0.0750228   0.0544369   0.0374885   0.0250348   0.0168342   0.0122806   0.0108823   0.0160453    0.018696    0.026904   0.0420433   0.0657078   0.0982406    0.136454    0.173099    0.201074    0.217412    0.221587    0.213353    0.192233    0.159479    0.121072    0.085337   0.0569444   0.0368127   0.0239571    0.016974    0.014841   0.0216713    0.025539   0.0377625   0.0608885   0.0982406    0.151213    0.214647    0.275241    0.320026    0.345308    0.351648    0.339069     0.30593    0.252253    0.187744    0.128795   0.0834853   0.0524116   0.0331275   0.0228659   0.0197452   0.0278675   0.0331211   0.0499959   0.0825468    0.136454    0.214647    0.308208    0.396425     0.46013    0.495178    0.504058    0.487528    0.442742    0.367104    0.271269    0.182625    0.115685    0.070889   0.0437198   0.0295095   0.0252028   0.0338371   0.0404184   0.0617777    0.103385    0.173099    0.275241    0.396425    0.505228    0.582404    0.624661    0.635691    0.616922    0.565145    0.475907    0.356599    0.239435    0.149673    0.090128   0.0545338    0.036151   0.0305916   0.0387293     0.04635   0.0712179    0.119743    0.201074    0.320026     0.46013    0.582404    0.666935    0.713104    0.725537    0.706124    0.651947    0.558069    0.427961    0.289789    0.180067    0.107153   0.0639407    0.041818   0.0351327   0.0418749   0.0501079    0.077065    0.129604    0.217412    0.345308    0.495178    0.624661    0.713104    0.761236    0.774453    0.754976    0.700243    0.605284    0.471453    0.322852    0.200619    0.118661   0.0702149   0.0455245   0.0380556   0.0428777   0.0512428   0.0787215    0.132239    0.221587    0.351648    0.504058    0.635691    0.725537    0.774453    0.787893     0.76814    0.712937    0.617805     0.48381    0.333116    0.207291    0.122342   0.0721215   0.0465651   0.0388138   0.0416068    0.049611   0.0759966    0.127397    0.213353    0.339069    0.487528    0.616922    0.706124    0.754976     0.76814    0.747543    0.691216    0.596169    0.465448    0.320278    0.199246     0.11754   0.0692695   0.0447143   0.0372389   0.0381991   0.0453672   0.0690564    0.115132    0.192233     0.30593    0.442742    0.565145    0.651947    0.700243    0.712937    0.691216    0.633389    0.538974    0.415855     0.28504    0.177394    0.104924   0.0620909   0.0402606   0.0335777   0.0331049   0.0390544   0.0587068   0.0966094    0.159479    0.252253    0.367104    0.475907    0.558069    0.605284    0.617805    0.596169    0.538974    0.449033    0.339301    0.231483    0.144958   0.0865888   0.0518228   0.0339667   0.0284494   0.0270785   0.0316334   0.0466189   0.0750228    0.121072    0.187744    0.271269    0.356599    0.427961    0.471453     0.48381    0.465448    0.415855    0.339301    0.252245     0.17167     0.10883   0.0661732   0.0403626   0.0269164   0.0227048   0.0209933   0.0242275   0.0348115   0.0544369    0.085337    0.128795    0.182625    0.239435    0.289789    0.322852    0.333116    0.320278     0.28504    0.231483     0.17167    0.117783   0.0760277   0.0473184   0.0295817   0.0201714   0.0171743   0.0155733   0.0177305   0.0247554   0.0374885   0.0569444   0.0834853    0.115685    0.149673    0.180067    0.200619    0.207291    0.199246    0.177394    0.144958     0.10883   0.0760277   0.0502552   0.0321365   0.0206687   0.0144594   0.0124452   0.0112523   0.0126314   0.0171031   0.0250348   0.0368127   0.0524116    0.070889    0.090128    0.107153    0.118661    0.122342     0.11754    0.104924   0.0865888   0.0661732   0.0473184   0.0321365   0.0211688   0.0140431   0.0101012  0.00879848  0.00820075  0.00907682   0.0119081   0.0168342   0.0239571   0.0331275   0.0437198   0.0545338   0.0639407   0.0702149   0.0721215   0.0692695   0.0620909   0.0518228   0.0403626   0.0295817   0.0206687   0.0140431  0.00962075  0.00711863   0.0062763  0.00644665  0.00703014  0.00896124   0.0122806    0.016974   0.0228659   0.0295095    0.036151    0.041818   0.0455245   0.0465651   0.0447143   0.0402606   0.0339667   0.0269164   0.0201714   0.0144594   0.0101012  0.00711863  0.00539113  0.00478874  0.00603448  0.00641134  0.00805174   0.0108823    0.014841   0.0197452   0.0252028   0.0305916   0.0351327   0.0380556   0.0388138   0.0372389   0.0335777   0.0284494   0.0227048   0.0171743   0.0124452  0.00879848   0.0062763  0.00478874     0.00418
  0.0140967   0.0156047    0.019182   0.0249227   0.0326318   0.0417803   0.0514772   0.0605779   0.0679168   0.0725447   0.0738707   0.0717197   0.0663589   0.0584972   0.0491922   0.0396266   0.0308453   0.0235914   0.0182942   0.0151738   0.0144311   0.0156047   0.0170257   0.0210118   0.0275151   0.0363022   0.0467743   0.0578979   0.0683293   0.0767085   0.0819493   0.0833904   0.0808407   0.0746061   0.0655071   0.0547853    0.043831   0.0338508   0.0256712   0.0197327   0.0162059   0.0151144    0.019182   0.0210118   0.0263343   0.0351658   0.0472713   0.0618706   0.0774845   0.0921289    0.103823    0.111055    0.112947    0.109247     0.10036   0.0874338   0.0722914   0.0569915   0.0432578   0.0321778   0.0242387   0.0195451   0.0180489   0.0249227   0.0275151   0.0351658   0.0480495   0.0659912   0.0879278    0.111574    0.133747    0.151329    0.162083    0.164796    0.159116    0.145566    0.125827     0.10277   0.0797167   0.0593448   0.0431918    0.031797   0.0251299   0.0230046   0.0326318   0.0363022   0.0472713   0.0659912   0.0924544    0.125236    0.160827    0.194164    0.220393    0.236284    0.240241    0.231792    0.211534    0.181771    0.146922    0.112315    0.082139   0.0585885   0.0422201   0.0327461   0.0297299   0.0417803   0.0467743   0.0618706   0.0879278    0.125236    0.171948    0.222913    0.270543    0.307725     0.33009    0.335734    0.324099    0.295741    0.253446    0.203414    0.153739    0.110793   0.0776879   0.0549635   0.0419339    0.037787   0.0514772   0.0578979   0.0774845    0.111574    0.160827    0.222913    0.290703    0.353746    0.402618    0.431902     0.43954    0.424986    0.388686    0.333548    0.267134    0.200546    0.143008   0.0989519   0.0689724   0.0519051   0.0464705   0.0605779   0.0683293   0.0921289    0.133747    0.194164    0.270543    0.353746    0.430491    0.489574     0.52494    0.534526    0.517891    0.475411    0.409845    0.329211    0.246803     0.17496    0.119952   0.0826787   0.0615531   0.0548182   0.0679168   0.0767085    0.103823    0.151329    0.220393    0.307725    0.402618    0.489574    0.556094     0.59589    0.607027    0.589217    0.542858    0.470518    0.380028    0.285561    0.202024    0.137744   0.0942147    0.069594   0.0617302   0.0725447   0.0819493    0.111055    0.162083    0.236284     0.33009    0.431902     0.52494     0.59589    0.638327    0.650435    0.632065    0.583714     0.50789    0.412142    0.310714    0.219864    0.149509    0.101794   0.0748149   0.0661767   0.0738707   0.0833904    0.112947    0.164796    0.240241    0.335734     0.43954    0.534526    0.607027    0.650435    0.662881    0.644273    0.595279    0.518596    0.421707    0.318567     0.22559    0.153275    0.104149   0.0763577   0.0674336   0.0717197   0.0808407    0.109247    0.159116    0.231792    0.324099    0.424986    0.517891    0.589217    0.632065    0.644273    0.625668    0.577171    0.501975    0.407821    0.308103    0.218285    0.148372     0.10084   0.0739298   0.0652599   0.0663589   0.0746061     0.10036    0.145566    0.211534    0.295741    0.388686    0.475411    0.542858    0.583714    0.595279    0.577171    0.530585    0.459428    0.371925    0.280608    0.198938     0.13549    0.092337   0.0678744   0.0599609   0.0584972   0.0655071   0.0874338    0.125827    0.181771    0.253446    0.333548    0.409845    0.470518     0.50789    0.518596    0.501975    0.459428     0.39545    0.318523     0.23993    0.170443    0.116612   0.0799495   0.0591081    0.052329   0.0491922   0.0547853   0.0722914     0.10277    0.146922    0.203414    0.267134    0.329211    0.380028    0.412142    0.421707    0.407821    0.371925    0.318523    0.255571    0.192497    0.137356   0.0947148   0.0655727   0.0489249   0.0434696   0.0396266    0.043831   0.0569915   0.0797167    0.112315    0.153739    0.200546    0.246803    0.285561    0.310714    0.318567    0.308103    0.280608     0.23993    0.192497    0.145499    0.104634   0.0729758   0.0512058    0.038681   0.0345384   0.0308453   0.0338508   0.0432578   0.0593448    0.082139    0.110793    0.143008     0.17496    0.202024    0.219864     0.22559    0.218285    0.198938    0.170443    0.137356    0.104634   0.0761192   0.0538807   0.0384463   0.0294858     0.02649   0.0235914   0.0256712   0.0321778   0.0431918   0.0585885   0.0776879   0.0989519    0.119952    0.137744    0.149509    0.153275    0.148372     0.13549    0.116612   0.0947148   0.0729758   0.0538807   0.0388247   0.0282491   0.0220424   0.0199437   0.0182942   0.0197327   0.0242387    0.031797   0.0422201   0.0549635   0.0689724   0.0826787   0.0942147    0.101794    0.104149     0.10084    0.092337   0.0799495   0.0655727   0.0512058   0.0384463   0.0282491   0.0209861   0.0166687   0.0151901   0.0151738   0.0162059   0.0195451   0.0251299   0.0327461   0.0419339   0.0519051   0.0615531    0.069594   0.0748149   0.0763577   0.0739298   0.0678744   0.0591081   0.0489249    0.038681   0.0294858   0.0220424   0.0166687   0.0134249   0.0122752   0.0144311   0.0151144   0.0180489   0.0230046   0.0297299    0.037787   0.0464705   0.0548182   0.0617302   0.0661767   0.0674336   0.0652599   0.0599609    0.052329   0.0434696   0.0345384     0.02649   0.0199437   0.0151901   0.0122752   0.0110555
  0.0263344   0.0284446   0.0333768   0.0410957   0.0511598   0.0627598   0.0747563   0.0858136   0.0946142    0.100079    0.101533   0.0987914   0.0921986   0.0825841   0.0711348   0.0591801   0.0479584    0.038455    0.031354   0.0271009   0.0260796   0.0284446   0.0303551    0.035664   0.0441027   0.0551474   0.0679023   0.0811047   0.0932695    0.102935    0.108911    0.110459    0.107382    0.100062   0.0894206   0.0767808   0.0636239   0.0513194   0.0409373   0.0331937    0.028499   0.0270222   0.0333768    0.035664   0.0422584   0.0528653   0.0668537   0.0830987   0.0999674    0.115517    0.127843    0.135423    0.137324    0.133302    0.123843    0.110138   0.0939223    0.077139   0.0615563    0.048507    0.038828   0.0329502   0.0310329   0.0410957   0.0441027   0.0528653   0.0670778   0.0859682    0.108047    0.131061    0.152289    0.169085    0.179372    0.181906    0.176362    0.163379    0.144579    0.122379   0.0995159   0.0784423   0.0609396    0.048052   0.0402568   0.0377053   0.0511598   0.0551474   0.0668537   0.0859682    0.111552    0.141629    0.173087    0.202119    0.225054    0.239078    0.242546     0.23502    0.217316    0.191593    0.161185    0.129939    0.101291   0.0776613   0.0603801   0.0499773   0.0465703   0.0627598   0.0679023   0.0830987    0.108047    0.141629    0.181293    0.222881    0.261264    0.291551    0.310081    0.314773    0.305061    0.281925    0.248066    0.207852    0.166478     0.12863    0.097553   0.0749419    0.061384   0.0569385   0.0747563   0.0811047   0.0999674    0.131061    0.173087    0.222881    0.275153     0.32337     0.36138    0.384688    0.390802    0.379046     0.35052    0.308377    0.257933    0.205775       0.158    0.118836   0.0904258   0.0734339    0.067853   0.0858136   0.0932695    0.115517    0.152289    0.202119    0.261264     0.32337    0.380593    0.425663    0.453381    0.460931    0.447559    0.414451    0.365068    0.305418    0.243271    0.186092    0.139162    0.105146   0.0848239   0.0781358   0.0946142    0.102935    0.127843    0.169085    0.225054    0.291551     0.36138    0.425663    0.476264     0.50747    0.516247    0.501805    0.465397    0.410665    0.344027    0.274045    0.209274     0.15595    0.117265   0.0941526   0.0865296    0.100079    0.108911    0.135423    0.179372    0.239078    0.310081    0.384688    0.453381     0.50747    0.540909    0.550528    0.535531    0.497239    0.439404    0.368635    0.293878    0.224326    0.166871    0.125122    0.100159   0.0919065    0.101533    0.110459    0.137324    0.181906    0.242546    0.314773    0.390802    0.460931    0.516247    0.550528    0.560515    0.545416    0.506623    0.447978    0.376134    0.300068    0.229096    0.170331    0.127567     0.10197   0.0934889   0.0987914    0.107382    0.133302    0.176362     0.23502    0.305061    0.379046    0.447559    0.501805    0.535531    0.545416    0.530657     0.49272    0.435521    0.365645    0.291782    0.222877    0.165785    0.124203   0.0992891   0.0910137   0.0921986    0.100062    0.123843    0.163379    0.217316    0.281925     0.35052    0.414451    0.465397    0.497239    0.506623     0.49272     0.45703    0.403489    0.338477      0.2701    0.206492    0.153833    0.115467    0.092458   0.0847939   0.0825841   0.0894206    0.110138    0.144579    0.191593    0.248066    0.308377    0.365068    0.410665    0.439404    0.447978    0.435521    0.403489    0.355689    0.298081    0.237913    0.182185    0.136125    0.102557    0.082399   0.0756616   0.0711348   0.0767808   0.0939223    0.122379    0.161185    0.207852    0.257933    0.305418    0.344027    0.368635    0.376134    0.365645    0.338477    0.298081     0.24972    0.199541    0.153263    0.115062   0.0871962   0.0704295   0.0648006   0.0591801   0.0636239    0.077139   0.0995159    0.129939    0.166478    0.205775    0.243271    0.274045    0.293878    0.300068    0.291782      0.2701    0.237913    0.199541    0.159896    0.123418   0.0932994   0.0712827   0.0579958   0.0535103   0.0479584   0.0513194   0.0615563   0.0784423    0.101291     0.12863       0.158    0.186092    0.209274    0.224326    0.229096    0.222877    0.206492    0.182185    0.153263    0.123418   0.0959438   0.0732034   0.0565172   0.0464049    0.042969    0.038455   0.0409373    0.048507   0.0609396   0.0776613    0.097553    0.118836    0.139162     0.15595    0.166871    0.170331    0.165785    0.153833    0.136125    0.115062   0.0932994   0.0732034   0.0564913   0.0441601   0.0366457   0.0340745    0.031354   0.0331937    0.038828    0.048052   0.0603801   0.0749419   0.0904258    0.105146    0.117265    0.125122    0.127567    0.124203    0.115467    0.102557   0.0871962   0.0712827   0.0565172   0.0441601   0.0349777   0.0293403   0.0273923   0.0271009    0.028499   0.0329502   0.0402568   0.0499773    0.061384   0.0734339   0.0848239   0.0941526    0.100159     0.10197   0.0992891    0.092458    0.082399   0.0704295   0.0579958   0.0464049   0.0366457   0.0293403   0.0248046   0.0231807   0.0260796   0.0270222   0.0310329   0.0377053   0.0465703   0.0569385    0.067853   0.0781358   0.0865296   0.0919065   0.0934889   0.0910137   0.0847939   0.0756616   0.0648006   0.0535103    0.042969   0.0340745   0.0273923   0.0231807   0.0213908
  0.0409843   0.0434685   0.0492217   0.0580847   0.0694287    0.082265    0.095328    0.107216    0.116583    0.122336    0.123791    0.120775    0.113649    0.103257   0.0907958   0.0776233   0.0650609   0.0542397    0.046029   0.0410569   0.0398556   0.0434685   0.0456525   0.0516923   0.0611441   0.0732788   0.0870257    0.101023    0.113761    0.123792     0.12994    0.131474    0.128209    0.120536    0.109364   0.0959839   0.0818618   0.0684168   0.0568528   0.0480747   0.0426806   0.0409648   0.0492217   0.0516923   0.0587955   0.0700226   0.0845053    0.100962    0.117747    0.133032     0.14506    0.152414    0.154218    0.150252    0.140987    0.127526     0.11144   0.0945106   0.0784477   0.0646775   0.0542404    0.047793    0.045656   0.0580847   0.0611441   0.0700226    0.084133    0.102415    0.123259    0.144569    0.163991    0.179275    0.188612    0.190891    0.185832    0.174028    0.156887    0.136428    0.114947   0.0946345   0.0772864   0.0641759   0.0560808   0.0533817   0.0694287   0.0732788   0.0845053    0.102415    0.125705    0.152342    0.179633    0.204536    0.224143    0.236137    0.239098    0.232664    0.217576    0.195621      0.1694    0.141894    0.115942   0.0938428   0.0771902   0.0669258   0.0634986    0.082265   0.0870257    0.100962    0.123259    0.152342    0.185693    0.219923    0.251192    0.275837    0.290957    0.294787    0.286863    0.268077    0.240624    0.207754    0.173241    0.140696     0.11303   0.0922237   0.0794173   0.0751355    0.095328    0.101023    0.117747    0.144569    0.179633    0.219923    0.261334    0.299198    0.329077    0.347483    0.352304     0.34297    0.320506    0.287488    0.247798    0.206015    0.166575    0.133052    0.107865    0.092372   0.0871838    0.107216    0.113761    0.133032    0.163991    0.204536    0.251192    0.299198    0.343126    0.377837    0.399314    0.405137    0.394643    0.368959    0.330975    0.285103    0.236639    0.190786    0.151773    0.122454     0.10442   0.0983709    0.116583    0.123792     0.14506    0.179275    0.224143    0.275837    0.329077    0.377837    0.416419    0.440392    0.447096    0.435795    0.407691    0.365897    0.315208    0.261457    0.210456    0.166987    0.134289    0.114166    0.107405    0.122336     0.12994    0.152414    0.188612    0.236137    0.290957    0.347483    0.399314    0.440392    0.466012    0.473356    0.461641    0.432118    0.388032    0.334399    0.277362    0.223108     0.17678    0.141889    0.120398    0.113167    0.123791    0.131474    0.154218    0.190891    0.239098    0.294787    0.352304    0.405137    0.447096    0.473356    0.481023    0.469291    0.439434     0.39475    0.340311     0.28233    0.227093     0.17986     0.14425    0.122295    0.114898    0.120775    0.128209    0.150252    0.185832    0.232664    0.286863     0.34297    0.394643    0.435795    0.461641    0.469291    0.457936    0.428846    0.385283    0.332223    0.275716    0.221867    0.175793     0.14103    0.119578    0.112341    0.113649    0.120536    0.140987    0.174028    0.217576    0.268077    0.320506    0.368959    0.407691    0.432118    0.439434    0.428846    0.401577    0.360761    0.311125    0.258338    0.208074     0.16507     0.13261    0.112565    0.105791    0.103257    0.109364    0.127526    0.156887    0.195621    0.240624    0.287488    0.330975    0.365897    0.388032     0.39475    0.385283    0.360761    0.324085    0.279579    0.232349    0.187439    0.149034    0.120037    0.102115   0.0960459   0.0907958   0.0959839     0.11144    0.136428      0.1694    0.207754    0.247798    0.285103    0.315208    0.334399    0.340311    0.332223    0.311125    0.279579    0.241371    0.200909    0.162486     0.12964    0.104828   0.0894759    0.084263   0.0776233   0.0818618   0.0945106    0.114947    0.141894    0.173241    0.206015    0.236639    0.261457    0.277362     0.28233    0.275716    0.258338    0.232349    0.200909    0.167657    0.136101    0.109118   0.0887127   0.0760681   0.0717599   0.0650609   0.0684168   0.0784477   0.0946345    0.115942    0.140696    0.166575    0.190786    0.210456    0.223108    0.227093    0.221867    0.208074    0.187439    0.162486    0.136101     0.11105   0.0896024   0.0733528   0.0632609   0.0598086   0.0542397   0.0568528   0.0646775   0.0772864   0.0938428     0.11303    0.133052    0.151773    0.166987     0.17678     0.17986    0.175793     0.16507    0.149034     0.12964    0.109118   0.0896024   0.0728543   0.0601287   0.0522004   0.0494754    0.046029   0.0480747   0.0542404   0.0641759   0.0771902   0.0922237    0.107865    0.122454    0.134289    0.141889     0.14425     0.14103     0.13261    0.120037    0.104828   0.0887127   0.0733528   0.0601287   0.0500411   0.0437245   0.0415342   0.0410569   0.0426806    0.047793   0.0560808   0.0669258   0.0794173    0.092372     0.10442    0.114166    0.120398    0.122295    0.119578    0.112565    0.102115   0.0894759   0.0760681   0.0632609   0.0522004   0.0437245   0.0383664   0.0364368   0.0398556   0.0409648    0.045656   0.0533817   0.0634986   0.0751355   0.0871838   0.0983709    0.107405    0.113167    0.114898    0.112341    0.105791   0.0960459    0.084263   0.0717599   0.0598086   0.0494754   0.0415342   0.0364368   0.0342479
  0.0566781   0.0593093    0.065369   0.0746144   0.0863128   0.0993958    0.112569    0.124451    0.133743    0.139404    0.140785    0.137727    0.130573    0.120126    0.107521   0.0940758   0.0811107   0.0698142   0.0611557   0.0558744   0.0545929   0.0593093    0.061574   0.0678232   0.0775132   0.0898106    0.103577    0.117445    0.129956     0.13974    0.145697    0.147145    0.143913    0.136366    0.125349    0.112065   0.0979032   0.0842565   0.0723702   0.0632442   0.0575871   0.0557739    0.065369   0.0678232   0.0748803   0.0859277   0.0999996    0.115784    0.131704    0.146076    0.157317    0.164156    0.165808    0.162078    0.153385    0.140707    0.125436    0.109178   0.0935347   0.0799249   0.0694686   0.0629393   0.0607507   0.0746144   0.0775132   0.0859277   0.0991584    0.116061    0.135062    0.154256    0.171602    0.185178    0.193443    0.195446    0.190948    0.180456    0.165152    0.146727    0.127132    0.108307   0.0919528   0.0793968   0.0715444   0.0688918   0.0863128   0.0898106   0.0999996    0.116061    0.136628    0.159794    0.183234    0.204442    0.221063    0.231206    0.233703    0.228255    0.215473    0.196799    0.174305    0.150389    0.127433    0.107513   0.0922355   0.0826826   0.0794497   0.0993958    0.103577    0.115784    0.135062    0.159794    0.187701    0.215979    0.241602    0.261716    0.274036    0.277147    0.270679     0.25535    0.232885    0.205781    0.176942    0.149262    0.125256    0.106856   0.0953542   0.0914577    0.112569    0.117445    0.131704    0.154256    0.183234    0.215979    0.249208    0.279357     0.30307     0.31766     0.32146    0.314022    0.296165    0.269887    0.238104    0.204236    0.171702    0.143481    0.121853    0.108334    0.103749    0.124451    0.129956    0.146076    0.171602    0.204442    0.241602    0.279357    0.313661    0.340695    0.357408    0.361904    0.353656    0.333569    0.303873    0.267856    0.229398    0.192404    0.160289    0.135667    0.120271    0.115046    0.133743     0.13974    0.157317    0.185178    0.221063    0.261716     0.30307    0.340695    0.370408    0.388862    0.393976    0.385161    0.363377    0.331033    0.291696    0.249604     0.20905    0.173805    0.146762    0.129844    0.124098    0.139404    0.145697    0.164156    0.193443    0.231206    0.274036     0.31766    0.357408    0.388862    0.408482    0.414061    0.404964    0.382184    0.348234    0.306849    0.262487    0.219683     0.18244    0.153839    0.135934    0.129849    0.140785    0.147145    0.165808    0.195446    0.233703    0.277147     0.32146    0.361904    0.393976    0.414061    0.419896     0.41082    0.387832    0.353472    0.311523    0.266501    0.223014    0.185139    0.156029    0.137794    0.131594    0.137727    0.143913    0.162078    0.190948    0.228255    0.270679    0.314022    0.353656    0.385161    0.404964     0.41082    0.402064    0.379671    0.346133    0.305152    0.261145    0.218612    0.181547    0.153041    0.135172    0.129095    0.130573    0.136366    0.153385    0.180456    0.215473     0.25535    0.296165    0.333569    0.363377    0.382184    0.387832    0.379671    0.358623    0.327052    0.288467    0.247031     0.20698    0.172065    0.145201    0.128351    0.122617    0.120126    0.125349    0.140707    0.165152    0.196799    0.232885    0.269887    0.303873    0.331033    0.348234    0.353472    0.346133    0.327052    0.298401    0.263385    0.225793    0.189463    0.157788    0.133406    0.118104    0.112892    0.107521    0.112065    0.125436    0.146727    0.174305    0.205781    0.238104    0.267856    0.291696    0.306849    0.311523    0.305152    0.288467    0.263385    0.232733    0.199837    0.168049    0.140329    0.118981    0.105573       0.101   0.0940758   0.0979032    0.109178    0.127132    0.150389    0.176942    0.204236    0.229398    0.249604    0.262487    0.266501    0.261145    0.247031    0.225793    0.199837    0.171982    0.145062    0.121576    0.103475   0.0920956   0.0882065   0.0811107   0.0842565   0.0935347    0.108307    0.127433    0.149262    0.171702    0.192404     0.20905    0.219683    0.223014    0.218612     0.20698    0.189463    0.168049    0.145062    0.122834    0.103424   0.0884465   0.0790173   0.0757867   0.0698142   0.0723702   0.0799249   0.0919528    0.107513    0.125256    0.143481    0.160289    0.173805     0.18244    0.185139    0.181547    0.172065    0.157788    0.140329    0.121576    0.103424   0.0875504   0.0752798    0.067538    0.064876   0.0611557   0.0632442   0.0694686   0.0793968   0.0922355    0.106856    0.121853    0.135667    0.146762    0.153839    0.156029    0.153041    0.145201    0.133406    0.118981    0.103475   0.0884465   0.0752798   0.0650749   0.0586098   0.0563666   0.0558744   0.0575871   0.0629393   0.0715444   0.0826826   0.0953542    0.108334    0.120271    0.129844    0.135934    0.137794    0.135172    0.128351    0.118104    0.105573   0.0920956   0.0790173    0.067538   0.0586098   0.0529014   0.0508394   0.0545929   0.0557739   0.0607507   0.0688918   0.0794497   0.0914577    0.103749    0.115046    0.124098    0.129849    0.131594    0.129095    0.122617    0.112892       0.101   0.0882065   0.0757867    0.064876   0.0563666   0.0508394   0.0484501
